0.5 0.5 0.5 8 0
0.74 0.58 0.45 9 0
0.79 0.62 0.45 10 0
0.73 0.67 0.63 11 0
0.6 0.6 0.6 13 0
0.73 0.76 0.69 14 0
0.62 0.67 0.54 15 0
0.63 0.68 0.56 16 0
0.65 0.7 0.56 17 0
0.65 0.69 0.58 18 0
0.6 0.6 0.6 19 0
0.5 0.5 0.5 8 1
0.87 0.74 0.53 9 1
0.84 0.73 0.4 10 1
0.84 0.74 0.56 11 1
0.78 0.76 0.62 12 1
0.68 0.76 0.48 13 1
0.63 0.75 0.44 14 1
0.59 0.72 0.39 15 1
0.58 0.71 0.38 16 1
0.58 0.71 0.38 17 1
0.58 0.71 0.38 18 1
0.58 0.71 0.4 19 1
0.71 0.79 0.55 20 1
0.68 0.7 0.61 21 1
0.5 0.5 0.5 22 1
0.87 0.79 0.62 9 2
0.74 0.66 0.34 10 2
0.83 0.74 0.53 11 2
0.82 0.82 0.64 12 2
0.55 0.65 0.22 13 2
0.5 0.64 0.18 14 2
0.53 0.67 0.27 15 2
0.56 0.7 0.35 16 2
0.56 0.7 0.33 17 2
0.55 0.7 0.33 18 2
0.55 0.69 0.32 19 2
0.56 0.7 0.33 20 2
0.58 0.72 0.39 21 2
0.67 0.78 0.51 22 2
0.65 0.67 0.56 23 2
0.68 0.71 0.6 9 3
0.6 0.73 0.28 10 3
0.51 0.65 0.22 11 3
0.79 0.85 0.62 12 3
0.68 0.75 0.42 13 3
0.49 0.62 0.11 14 3
0.48 0.63 0.13 15 3
0.5 0.65 0.21 16 3
0.51 0.67 0.24 17 3
0.54 0.69 0.29 18 3
0.55 0.7 0.31 19 3
0.54 0.69 0.28 20 3
0.53 0.69 0.29 21 3
0.5 0.65 0.24 22 3
0.55 0.69 0.28 23 3
0.66 0.73 0.51 24 3
1.0 1.0 1.0 25 3
0.65 0.71 0.59 9 4
0.6 0.73 0.34 10 4
0.61 0.73 0.42 11 4
0.53 0.66 0.29 12 4
0.79 0.82 0.66 13 4
0.66 0.75 0.4 14 4
0.47 0.62 0.07 15 4
0.46 0.62 0.09 16 4
0.47 0.62 0.11 17 4
0.48 0.64 0.15 18 4
0.5 0.65 0.19 19 4
0.5 0.65 0.19 20 4
0.49 0.65 0.18 21 4
0.49 0.65 0.18 22 4
0.47 0.64 0.16 23 4
0.5 0.65 0.2 24 4
0.64 0.73 0.45 25 4
0.64 0.64 0.57 9 5
0.64 0.76 0.39 10 5
0.66 0.72 0.51 11 5
0.57 0.67 0.41 12 5
0.56 0.67 0.35 13 5
0.76 0.78 0.64 14 5
0.64 0.74 0.37 15 5
0.46 0.63 0.07 16 5
0.46 0.63 0.06 17 5
0.44 0.61 0.07 18 5
0.45 0.62 0.07 19 5
0.45 0.62 0.1 20 5
0.45 0.62 0.11 21 5
0.47 0.63 0.13 22 5
0.47 0.64 0.13 23 5
0.45 0.63 0.14 24 5
0.49 0.64 0.2 25 5
0.66 0.71 0.57 26 5
0.62 0.62 0.56 9 6
0.64 0.75 0.39 10 6
0.65 0.68 0.54 11 6
0.6 0.6 0.6 12 6
0.56 0.66 0.42 13 6
0.57 0.67 0.38 14 6
0.76 0.81 0.66 15 6
0.65 0.75 0.4 16 6
0.47 0.63 0.09 17 6
0.45 0.62 0.05 18 6
0.44 0.62 0.07 19 6
0.43 0.6 0.08 20 6
0.42 0.6 0.07 21 6
0.44 0.62 0.07 22 6
0.45 0.62 0.09 23 6
0.45 0.63 0.09 24 6
0.46 0.63 0.11 25 6
0.55 0.69 0.26 26 6
0.58 0.58 0.58 27 6
0.6 0.65 0.55 9 7
0.62 0.73 0.38 10 7
0.62 0.65 0.55 11 7
0.67 0.67 0.67 13 7
0.66 0.73 0.54 14 7
0.58 0.67 0.4 15 7
0.78 0.8 0.69 16 7
0.62 0.72 0.38 17 7
0.47 0.63 0.09 18 7
0.44 0.62 0.05 19 7
0.44 0.62 0.06 20 7
0.44 0.62 0.09 21 7
0.42 0.6 0.08 22 7
0.44 0.62 0.09 23 7
0.44 0.62 0.07 24 7
0.45 0.63 0.07 25 7
0.45 0.63 0.11 26 7
0.63 0.73 0.44 27 7
0.65 0.69 0.59 9 8
0.6 0.71 0.37 10 8
0.61 0.66 0.55 11 8
0.5 0.5 0.5 14 8
0.69 0.76 0.58 15 8
0.56 0.66 0.38 16 8
0.65 0.7 0.6 17 8
0.62 0.71 0.4 18 8
0.49 0.65 0.13 19 8
0.46 0.63 0.07 20 8
0.44 0.63 0.06 21 8
0.44 0.63 0.09 22 8
0.44 0.62 0.1 23 8
0.43 0.61 0.09 24 8
0.44 0.62 0.08 25 8
0.44 0.62 0.07 26 8
0.54 0.69 0.24 27 8
0.64 0.64 0.57 28 8
0.6 0.65 0.5 9 9
0.59 0.71 0.38 10 9
0.67 0.67 0.58 11 9
0.57 0.57 0.57 15 9
0.69 0.76 0.55 16 9
0.59 0.68 0.41 17 9
0.64 0.64 0.64 18 9
0.62 0.7 0.43 19 9
0.49 0.65 0.17 20 9
0.45 0.64 0.08 21 9
0.45 0.64 0.09 22 9
0.45 0.64 0.08 23 9
0.45 0.64 0.1 24 9
0.45 0.64 0.11 25 9
0.45 0.63 0.1 26 9
0.46 0.64 0.1 27 9
0.61 0.72 0.34 28 9
0.5 0.67 0.5 29 9
0.6 0.67 0.49 9 10
0.56 0.68 0.35 10 10
0.67 0.67 0.67 11 10
0.57 0.57 0.57 16 10
0.64 0.72 0.46 17 10
0.59 0.67 0.44 18 10
1.0 1.0 1.0 19 10
0.63 0.65 0.51 20 10
0.56 0.69 0.28 21 10
0.48 0.65 0.16 22 10
0.46 0.64 0.11 23 10
0.48 0.67 0.11 24 10
0.47 0.66 0.12 25 10
0.47 0.65 0.11 26 10
0.47 0.66 0.11 27 10
0.51 0.67 0.17 28 10
0.67 0.78 0.46 29 10
0.61 0.69 0.47 9 11
0.62 0.72 0.44 10 11
0.72 0.72 0.64 17 11
0.63 0.71 0.44 18 11
0.65 0.67 0.55 19 11
0.62 0.62 0.5 21 11
0.67 0.74 0.51 22 11
0.57 0.71 0.28 23 11
0.53 0.68 0.2 24 11
0.54 0.69 0.23 25 11
0.54 0.7 0.22 26 11
0.56 0.71 0.24 27 11
0.69 0.78 0.46 28 11
0.7 0.76 0.56 29 11
0.65 0.72 0.48 9 12
0.62 0.7 0.47 10 12
0.76 0.8 0.62 18 12
0.69 0.74 0.5 19 12
0.57 0.57 0.57 20 12
0.67 0.67 0.67 23 12
0.62 0.66 0.57 24 12
0.71 0.73 0.63 25 12
0.68 0.68 0.58 26 12
0.6 0.6 0.6 27 12
0.5 0.5 0.5 8 13
0.57 0.66 0.37 9 13
0.56 0.61 0.44 10 13
0.71 0.71 0.65 18 13
0.71 0.75 0.51 19 13
0.69 0.71 0.58 20 13
0.58 0.58 0.58 8 14
0.56 0.64 0.37 9 14
0.58 0.61 0.5 10 14
0.68 0.72 0.51 19 14
0.69 0.71 0.49 20 14
0.63 0.66 0.55 8 15
0.56 0.64 0.36 9 15
0.58 0.58 0.5 10 15
0.68 0.68 0.56 19 15
0.67 0.7 0.45 20 15
0.5 0.5 0.5 21 15
0.5 0.5 0.5 4 16
1.0 1.0 1.0 5 16
0.6 0.62 0.49 8 16
0.58 0.65 0.38 9 16
0.55 0.55 0.55 10 16
0.62 0.65 0.56 19 16
0.62 0.68 0.38 20 16
0.65 0.65 0.55 21 16
0.66 0.61 0.61 2 17
0.8 0.67 0.67 3 17
0.78 0.6 0.61 4 17
0.74 0.54 0.55 5 17
0.72 0.58 0.58 6 17
0.64 0.59 0.59 7 17
0.69 0.73 0.55 8 17
0.57 0.65 0.37 9 17
0.67 0.67 0.67 10 17
0.5 0.5 0.5 16 17
0.67 0.67 0.67 17 17
0.67 0.67 0.67 18 17
0.69 0.69 0.58 19 17
0.66 0.71 0.42 20 17
0.65 0.65 0.53 21 17
0.69 0.62 0.62 22 17
0.75 0.67 0.67 23 17
0.75 0.68 0.66 24 17
0.6 0.6 0.6 25 17
0.67 0.6 0.6 1 18
0.85 0.72 0.73 2 18
0.78 0.56 0.58 3 18
0.64 0.2 0.25 4 18
0.6 0.12 0.18 5 18
0.63 0.27 0.32 6 18
0.64 0.39 0.41 7 18
0.75 0.7 0.55 8 18
0.74 0.76 0.51 9 18
1.0 1.0 1.0 10 18
1.0 1.0 1.0 14 18
0.76 0.71 0.71 15 18
0.83 0.71 0.71 16 18
0.77 0.57 0.57 17 18
0.73 0.47 0.49 18 18
0.72 0.47 0.47 19 18
0.63 0.47 0.37 20 18
0.66 0.44 0.42 21 18
0.65 0.37 0.4 22 18
0.67 0.38 0.41 23 18
0.67 0.31 0.35 24 18
0.74 0.48 0.49 25 18
0.66 0.61 0.61 26 18
1.0 1.0 1.0 0 19
0.85 0.76 0.76 1 19
0.87 0.73 0.75 2 19
0.82 0.61 0.64 3 19
0.61 0.16 0.22 4 19
0.6 0.1 0.16 5 19
0.78 0.5 0.53 6 19
0.8 0.6 0.62 7 19
0.68 0.45 0.46 8 19
0.71 0.53 0.49 9 19
0.7 0.6 0.6 10 19
0.57 0.57 0.57 11 19
0.73 0.69 0.69 14 19
0.81 0.69 0.7 15 19
0.78 0.57 0.59 16 19
0.72 0.28 0.34 17 19
0.69 0.1 0.16 18 19
0.73 0.23 0.3 19 19
0.77 0.42 0.47 20 19
0.78 0.45 0.49 21 19
0.82 0.53 0.56 22 19
0.87 0.63 0.65 23 19
0.83 0.5 0.53 24 19
0.67 0.17 0.22 25 19
0.78 0.53 0.53 26 19
0.5 0.5 0.5 27 19
0.69 0.65 0.65 0 20
0.89 0.79 0.79 1 20
0.89 0.78 0.79 2 20
0.75 0.48 0.52 3 20
0.57 0.09 0.14 4 20
0.58 0.05 0.11 5 20
0.73 0.32 0.37 6 20
0.86 0.62 0.64 7 20
0.89 0.69 0.7 8 20
0.82 0.58 0.6 9 20
0.72 0.38 0.42 10 20
0.73 0.45 0.46 11 20
0.7 0.6 0.6 12 20
0.5 0.5 0.5 13 20
0.85 0.78 0.76 14 20
0.85 0.71 0.72 15 20
0.85 0.64 0.66 16 20
0.74 0.23 0.29 17 20
0.67 0.04 0.11 18 20
0.71 0.11 0.18 19 20
0.83 0.35 0.4 20 20
0.84 0.36 0.42 21 20
0.8 0.34 0.39 22 20
0.86 0.57 0.58 23 20
0.85 0.58 0.6 24 20
0.71 0.24 0.29 25 20
0.69 0.28 0.32 26 20
0.69 0.64 0.64 27 20
0.89 0.81 0.81 0 21
0.92 0.83 0.82 1 21
0.89 0.73 0.73 2 21
0.64 0.24 0.28 3 21
0.54 0.03 0.08 4 21
0.59 0.03 0.09 5 21
0.64 0.05 0.12 6 21
0.7 0.17 0.24 7 21
0.81 0.44 0.48 8 21
0.91 0.7 0.71 9 21
0.91 0.69 0.7 10 21
0.73 0.35 0.38 11 21
0.68 0.28 0.31 12 21
0.76 0.59 0.6 13 21
0.74 0.5 0.51 14 21
0.75 0.38 0.41 15 21
0.8 0.43 0.45 16 21
0.63 0.06 0.12 17 21
0.56 0.02 0.07 18 21
0.6 0.02 0.08 19 21
0.71 0.05 0.13 20 21
0.75 0.08 0.16 21 21
0.7 0.07 0.15 22 21
0.75 0.29 0.35 23 21
0.78 0.4 0.44 24 21
0.66 0.16 0.22 25 21
0.62 0.18 0.23 26 21
0.79 0.67 0.67 27 21
0.91 0.8 0.8 0 22
0.92 0.8 0.8 1 22
0.83 0.59 0.6 2 22
0.56 0.1 0.15 3 22
0.53 0.03 0.08 4 22
0.59 0.03 0.09 5 22
0.64 0.03 0.1 6 22
0.62 0.03 0.09 7 22
0.62 0.07 0.14 8 22
0.77 0.39 0.43 9 22
0.86 0.57 0.6 10 22
0.82 0.44 0.48 11 22
0.65 0.09 0.15 12 22
0.63 0.26 0.3 13 22
0.54 0.15 0.19 14 22
0.6 0.05 0.11 15 22
0.64 0.12 0.16 16 22
0.56 0.03 0.08 17 22
0.51 0.02 0.07 18 22
0.56 0.02 0.07 19 22
0.65 0.02 0.09 20 22
0.69 0.03 0.1 21 22
0.63 0.03 0.09 22 22
0.66 0.07 0.15 23 22
0.67 0.1 0.18 24 22
0.59 0.04 0.11 25 22
0.61 0.21 0.25 26 22
0.8 0.69 0.69 27 22
0.91 0.78 0.78 0 23
0.9 0.76 0.76 1 23
0.74 0.43 0.45 2 23
0.53 0.05 0.11 3 23
0.49 0.03 0.08 4 23
0.52 0.03 0.08 5 23
0.56 0.02 0.08 6 23
0.55 0.02 0.08 7 23
0.56 0.03 0.08 8 23
0.64 0.07 0.13 9 23
0.71 0.16 0.24 10 23
0.7 0.11 0.18 11 23
0.64 0.04 0.11 12 23
0.49 0.06 0.1 13 23
0.43 0.05 0.09 14 23
0.56 0.04 0.1 15 23
0.62 0.12 0.17 16 23
0.57 0.1 0.16 17 23
0.53 0.07 0.13 18 23
0.53 0.05 0.1 19 23
0.6 0.05 0.11 20 23
0.64 0.04 0.11 21 23
0.6 0.04 0.11 22 23
0.64 0.05 0.12 23 23
0.62 0.05 0.12 24 23
0.58 0.05 0.11 25 23
0.64 0.29 0.33 26 23
0.79 0.7 0.7 27 23
0.91 0.78 0.78 0 24
0.88 0.72 0.73 1 24
0.69 0.31 0.35 2 24
0.56 0.09 0.16 3 24
0.55 0.1 0.16 4 24
0.53 0.08 0.14 5 24
0.48 0.04 0.09 6 24
0.49 0.03 0.08 7 24
0.51 0.03 0.08 8 24
0.63 0.07 0.14 9 24
0.73 0.16 0.23 10 24
0.76 0.21 0.27 11 24
0.66 0.06 0.13 12 24
0.54 0.13 0.16 13 24
0.45 0.09 0.13 14 24
0.55 0.06 0.12 15 24
0.68 0.25 0.3 16 24
0.65 0.25 0.3 17 24
0.6 0.2 0.25 18 24
0.62 0.18 0.24 19 24
0.65 0.17 0.24 20 24
0.68 0.16 0.23 21 24
0.65 0.16 0.23 22 24
0.66 0.16 0.23 23 24
0.65 0.15 0.22 24 24
0.64 0.21 0.26 25 24
0.71 0.44 0.47 26 24
0.81 0.73 0.73 27 24
0.92 0.75 0.75 0 25
0.86 0.64 0.65 1 25
0.71 0.33 0.36 2 25
0.64 0.25 0.29 3 25
0.63 0.23 0.28 4 25
0.62 0.18 0.24 5 25
0.57 0.12 0.18 6 25
0.54 0.11 0.17 7 25
0.54 0.15 0.2 8 25
0.67 0.22 0.28 9 25
0.77 0.31 0.36 10 25
0.79 0.31 0.35 11 25
0.68 0.08 0.15 12 25
0.62 0.24 0.28 13 25
0.55 0.24 0.27 14 25
0.52 0.06 0.12 15 25
0.69 0.3 0.34 16 25
0.66 0.31 0.35 17 25
0.64 0.27 0.31 18 25
0.66 0.25 0.31 19 25
0.67 0.24 0.3 20 25
0.68 0.24 0.3 21 25
0.67 0.23 0.29 22 25
0.67 0.24 0.29 23 25
0.68 0.25 0.31 24 25
0.67 0.32 0.35 25 25
0.73 0.53 0.53 26 25
0.73 0.66 0.64 27 25
0.92 0.74 0.75 0 26
0.85 0.56 0.58 1 26
0.73 0.35 0.39 2 26
0.66 0.3 0.34 3 26
0.64 0.28 0.32 4 26
0.64 0.24 0.29 5 26
0.62 0.22 0.27 6 26
0.64 0.25 0.3 7 26
0.65 0.27 0.31 8 26
0.7 0.31 0.35 9 26
0.75 0.34 0.38 10 26
0.71 0.25 0.29 11 26
0.62 0.13 0.18 12 26
0.69 0.43 0.45 13 26
0.72 0.55 0.58 14 26
0.54 0.16 0.2 15 26
0.67 0.27 0.32 16 26
0.68 0.33 0.36 17 26
0.65 0.28 0.33 18 26
0.62 0.26 0.3 19 26
0.65 0.25 0.3 20 26
0.66 0.24 0.3 21 26
0.65 0.24 0.29 22 26
0.64 0.25 0.3 23 26
0.67 0.28 0.33 24 26
0.67 0.35 0.38 25 26
0.75 0.58 0.59 26 26
0.72 0.65 0.65 27 26
0.9 0.75 0.75 0 27
0.82 0.52 0.54 1 27
0.73 0.35 0.38 2 27
0.67 0.31 0.35 3 27
0.67 0.29 0.34 4 27
0.63 0.28 0.32 5 27
0.62 0.28 0.31 6 27
0.64 0.29 0.33 7 27
0.67 0.3 0.34 8 27
0.69 0.32 0.36 9 27
0.69 0.28 0.33 10 27
0.6 0.19 0.24 11 27
0.67 0.39 0.41 12 27
0.7 0.6 0.6 13 27
0.67 0.58 0.58 14 27
0.69 0.46 0.48 15 27
0.63 0.27 0.31 16 27
0.66 0.31 0.35 17 27
0.62 0.28 0.31 18 27
0.59 0.26 0.29 19 27
0.6 0.25 0.28 20 27
0.62 0.24 0.29 21 27
0.62 0.24 0.29 22 27
0.63 0.25 0.3 23 27
0.66 0.28 0.33 24 27
0.69 0.39 0.42 25 27
0.78 0.65 0.66 26 27
0.57 0.57 0.57 27 27
0.87 0.75 0.75 0 28
0.78 0.51 0.53 1 28
0.73 0.35 0.39 2 28
0.71 0.31 0.35 3 28
0.68 0.3 0.35 4 28
0.64 0.3 0.33 5 28
0.62 0.3 0.33 6 28
0.64 0.29 0.33 7 28
0.67 0.31 0.35 8 28
0.65 0.3 0.33 9 28
0.61 0.24 0.28 10 28
0.6 0.3 0.33 11 28
0.73 0.58 0.58 12 28
1.0 1.0 1.0 13 28
0.75 0.62 0.62 15 28
0.62 0.33 0.36 16 28
0.59 0.26 0.29 17 28
0.59 0.25 0.29 18 28
0.57 0.25 0.28 19 28
0.56 0.24 0.27 20 28
0.58 0.24 0.28 21 28
0.6 0.25 0.29 22 28
0.62 0.27 0.31 23 28
0.64 0.31 0.34 24 28
0.71 0.49 0.51 25 28
0.76 0.67 0.67 26 28
0.62 0.62 0.62 0 29
0.8 0.58 0.6 1 29
0.72 0.36 0.4 2 29
0.71 0.29 0.35 3 29
0.69 0.29 0.34 4 29
0.64 0.29 0.33 5 29
0.62 0.28 0.32 6 29
0.67 0.29 0.34 7 29
0.64 0.3 0.34 8 29
0.59 0.28 0.31 9 29
0.6 0.33 0.35 10 29
0.66 0.49 0.49 11 29
0.5 0.5 0.5 12 29
0.67 0.67 0.67 15 29
0.69 0.53 0.53 16 29
0.52 0.24 0.27 17 29
0.52 0.2 0.23 18 29
0.51 0.21 0.23 19 29
0.51 0.22 0.25 20 29
0.55 0.24 0.27 21 29
0.57 0.25 0.29 22 29
0.59 0.29 0.32 23 29
0.66 0.4 0.43 24 29
0.76 0.64 0.64 25 29
0.6 0.6 0.6 26 29
0.69 0.65 0.65 1 30
0.75 0.53 0.54 2 30
0.68 0.35 0.38 3 30
0.64 0.27 0.31 4 30
0.6 0.25 0.29 5 30
0.62 0.25 0.29 6 30
0.63 0.26 0.3 7 30
0.59 0.29 0.31 8 30
0.61 0.38 0.39 9 30
0.67 0.53 0.53 10 30
0.6 0.6 0.6 11 30
0.6 0.6 0.6 16 30
0.55 0.36 0.38 17 30
0.43 0.16 0.19 18 30
0.4 0.14 0.17 19 30
0.42 0.16 0.19 20 30
0.45 0.18 0.21 21 30
0.48 0.23 0.25 22 30
0.57 0.35 0.37 23 30
0.72 0.56 0.57 24 30
0.65 0.65 0.65 25 30
0.57 0.57 0.57 2 31
0.74 0.6 0.61 3 31
0.63 0.38 0.4 4 31
0.55 0.27 0.29 5 31
0.53 0.25 0.27 6 31
0.55 0.28 0.31 7 31
0.63 0.42 0.43 8 31
0.65 0.55 0.55 9 31
0.5 0.5 0.5 10 31
0.6 0.6 0.6 17 31
0.53 0.4 0.42 18 31
0.38 0.19 0.21 19 31
0.38 0.2 0.21 20 31
0.44 0.25 0.26 21 31
0.55 0.38 0.4 22 31
0.57 0.47 0.47 23 31
0.57 0.57 0.57 24 31
